4 0.811143125153253 0.8734334309895834 0.014846893217424361 0.03725375551165956 3
5 0.5802092947124292 0.9271749755620723 0.049162082289651673 0.023425589791723943 3
5 0.45161290322580644 0.49413492719215846 0.02267934804183042 0.05822845637973103 89
5 0.4415867214319284 0.4657869012707722 0.05075439080634944 0.021527160763857068 2
5 0.5749782572233272 0.2512219262146414 0.08802395648507315 0.024406179538104075 76
5 0.5287707594029261 0.2649071657063325 0.09344665341098722 0.024354470440369546 78
5 0.5004359197907585 0.2722385440054527 0.08425574730870614 0.021089279756518052 78
5 0.4738448657673551 0.2761486124316502 0.08578320929769236 0.02331230111369173 80
5 0.43591979075850046 0.28201371507094636 0.08940511635312227 0.022053260840511974 77
5 0.35004359197907586 0.29765395894428154 0.08773411266057514 0.02149195218948558 78
5 0.3265038966716843 0.3074291300097752 0.08768096631157367 0.021762900105436293 76
5 0.29947686964465725 0.31085041005124325 0.07643062255646524 0.021049273911342824 80
5 0.27071936024513676 0.3060558688256048 0.07238368439279438 0.023783268933188998 80
5 0.2664209580359089 0.8191994287634409 0.04981706946854396 0.02555838032085758 4
5 0.5281516277176874 0.49693243151652616 0.055906606739047515 0.02475619386018546 3
5 0.25806353169102825 0.7802496916620846 0.052033551589446995 0.024469659009170905 31
5 0.2541412646186383 0.7434017595307918 0.04241840259448902 0.021655872303952453 32
5 0.24767052701170172 0.6751887376473913 0.04938799418255674 0.024486226653306947 20
5 0.26964177312077703 0.6259668374457783 0.04718416674613121 0.02234263340865179 27
5 0.22624239801009427 0.5997068045309445 0.044591682520552935 0.021814612932102656 30
5 0.26705903350111704 0.5916893624373778 0.047183734391602415 0.024084057626136936 27
5 0.22375717096569855 0.565287152809598 0.04337572864376158 0.022232409912586678 23
5 0.23016567612692077 0.4799609589786474 0.09085676996418987 0.023291007048456783 30
5 0.20614145107651755 0.4312182712648155 0.05245035465842449 0.02434567761910626 22
5 0.2005270148944938 0.39612165434269614 0.049541659633699664 0.020591333115205737 28
5 0.18962512228316397 0.35826001955034215 0.05012175303079194 0.025357860740445343 27
5 0.4624354953649466 0.525615554168194 0.02161677858573827 0.061108500610232236 82
5 0.5213600697471665 0.5263929618768328 0.016584976715114497 0.058054360010290657 88
4 0.8455190616996785 0.16644759937931483 0.02816999945935729 0.017244434077019567 68
5 0.02218961175255081 0.8548422894519795 0.015778515789959882 0.040946251952170394 85
4 0.9522232547883065 0.9468231648643695 0.014036346541972606 0.03497271570408915 26
4 0.960767218831735 0.9672531769305963 0.016021336070745015 0.04123344309518764 24
5 0.965447077464309 0.7147788964175525 0.042110845537526566 0.018376079123041147 62
4 0.9644953121594376 0.6293648787840603 0.035581237872788045 0.021460897645176565 59
4 0.92069931495886 0.6267379208860276 0.036669121686541316 0.017872561457569647 61
4 0.8753969679735178 0.5139053359642289 0.034295013081850755 0.02055112031431375 64
4 0.8417611691675294 0.4320625909262738 0.03414843824498011 0.015107232221526951 72
4 0.020469452675883418 0.9492788305497006 0.01571731101770243 0.03920315157982611 86
4 0.019180469130471986 0.9247311827956989 0.015673533458759603 0.040028200121569144 87
4 0.019283091803686248 0.9018038006705157 0.01301577949690216 0.03817325789674403 87
4 0.01964053425876182 0.8787863872151455 0.01571731101770243 0.035190656854027294 86
5 0.017872711421098517 0.8313782991202346 0.03051438535309503 0.016617790811339198 0
5 0.5510026155187445 0.5527859237536656 0.01919248858637257 0.058294719498411536 89
4 0.02702702370122296 0.781036287458761 0.01575734372126505 0.03488164400192067 79
4 0.021360069747166522 0.6823069403714564 0.013949433304272014 0.03225806451612903 90
4 0.023975588491717523 0.6334310850439883 0.013949433304272014 0.03225806451612903 90
5 0.7484935970023703 0.8561771277225378 0.0183585149470681 0.055752758872590576 2
5 0.7209940929462729 0.8300895802785924 0.08473006683323003 0.021585052430571464 86
5 0.6986792779737904 0.843669753386944 0.05851724985483531 0.018831090843223056 86
5 0.6721799097169245 0.8405530823290872 0.01832649909421061 0.08993687634360872 0
5 0.6355711081387587 0.8587488377665261 0.020910331240506824 0.05465151953673899 2
5 0.7506539328990028 0.5923752472430963 0.02223493248458104 0.06189754631512326 63
5 0.7109614457892872 0.5358581244654204 0.019839156266389563 0.09459213450740393 71
5 0.5065684896400937 0.5809261139303824 0.08459712779303687 0.023526848935661426 2
5 0.19493659101783867 0.29445853284610213 0.05128581106091128 0.031442218978150964 33
