5 0.5236650855795851 0.4822404371584699 0.08214353357703941 0.015020631050151554 1
5 0.6838760375976562 0.3659499955307591 0.12157628142717973 0.012958160515039997 3
5 0.6972087378640777 0.3992485921891009 0.11597938907956615 0.014408306997330462 4
5 0.6892059474315458 0.4156359479726989 0.15360454448218486 0.015769136407987668 5
5 0.7008495886348983 0.43066944059778434 0.13910751898311874 0.012945739297918934 4
5 0.7014563847514033 0.4446720894568605 0.1434001552248464 0.0158405877201935 6
5 0.6919231229615443 0.4611138932691897 0.10011217432114684 0.014333160848565441 6
5 0.19114079521697702 0.1676912568306011 0.023343912606100435 0.05255569916605298 81
5 0.20352317291556052 0.18167766716962302 0.026941549430773096 0.07015262666295786 83
5 0.19478155339805825 0.1970628206847144 0.02574226462725297 0.0635505321898747 82
5 0.21237864077669902 0.2124316731437308 0.027652293733022745 0.06813100387489861 81
5 0.22153402532188637 0.2280009743945846 0.024543384903842964 0.06636817077469956 81
5 0.23415411791755159 0.24141495084502007 0.02472860141865258 0.06704436234437702 81
5 0.23968448453736538 0.2568306219382364 0.023533189180985237 0.06636932769108339 81
5 0.23205958986745298 0.2736622753039084 0.024316345603720656 0.0652492241781266 79
5 0.26031553398058255 0.289275956284153 0.02652899038444445 0.06837477970644425 83
5 0.24393207587084723 0.30874319024424735 0.03055692876426919 0.08202986378487342 82
5 0.4563216052009064 0.4347165217165087 0.025737431442853318 0.06372408007012038 6
5 0.23907768842086052 0.3282104033590015 0.026933246445887297 0.0870479052184058 80
5 0.250585463440534 0.3435816738774868 0.024752482627202005 0.07595492191002017 78
5 0.25788834951456313 0.36065573770491804 0.025281251055523028 0.0689147782456028 77
5 0.2486397826555863 0.380661052432868 0.02559050310005262 0.07968708726226306 75
5 0.27130956557190533 0.4043562425290301 0.026774707349758703 0.06836064135442015 87
5 0.25969696044921875 0.4228726162936518 0.029022182075722703 0.08089000410069533 85
5 0.2675986058503679 0.4395661901255123 0.02424156318590479 0.06839134132927233 87
5 0.6783959842422633 0.3821398208701545 0.15429810644353478 0.01442498457236368 2
5 0.6771844660194175 0.3510929378655439 0.11803100178542647 0.013677744266113949 2
5 0.24977015523077215 0.48088007025379953 0.13475793079265114 0.01570464743942511 1
5 0.6911083332543234 0.33368882976594516 0.14090740796431755 0.015013382083079854 2
5 0.35012139625919675 0.09153005464480875 0.10935133406259481 0.013138920883011948 81
5 0.37609985499706083 0.08974305658392567 0.11293582545900807 0.0125661938568282 81
5 0.4029126213592233 0.08879780378498014 0.11448413885912849 0.012463131888968046 81
5 0.42839805825242716 0.0932377049180328 0.11310275550027496 0.01323410070659033 81
5 0.4550970873786408 0.09016393442622951 0.11448413885912849 0.012463131888968046 81
5 0.4854368932038835 0.09494535519125682 0.11313792108332069 0.01367793578267749 87
5 0.5163835321815269 0.0939207650273224 0.11465190220805048 0.012310613048532622 88
5 0.5449028755854635 0.0976775956284153 0.11119687904431982 0.012307124059708392 88
5 0.5697815533980582 0.09562841530054644 0.11212525784390644 0.011609279392846946 88
5 0.5940533980582524 0.0935792349726776 0.11165048543689321 0.011612021857923498 90
5 0.654126213592233 0.10416670835734716 0.021786363379469195 0.06524109970676444 38
5 0.6897502269559693 0.1386216168846589 0.024737193746474182 0.07613592721074006 80
5 0.6852254034246056 0.15628139308241548 0.023343912606100435 0.07624126913768997 81
5 0.6940102438324863 0.16941291517247267 0.024543364071151586 0.08241308452001686 81
5 0.7014563847514033 0.18579234972677597 0.024273127028085654 0.08372422515368852 84
5 0.6932984139155416 0.20186383606957609 0.02317927184614163 0.0640512216286581 82
5 0.6825869662090412 0.2185470289219924 0.024518631036999156 0.07897841865247716 84
5 0.6970663718806888 0.2339110661074112 0.024449353079194006 0.07801551506167552 86
5 0.6759707997146162 0.2506830601092896 0.023323980349938846 0.06586708527445141 83
5 0.6959950715592764 0.26536887330435666 0.024520980501637875 0.08439525229031922 83
5 0.6986170648371132 0.2834455771524398 0.026798370972420407 0.0888398384135929 88
5 0.6949302895555218 0.30154446044254823 0.02422457759820142 0.07665200572196251 86
5 0.6815675902135164 0.3169447893653411 0.10316249699268526 0.012969211151039665 0
5 0.2766990661621094 0.45560109289617484 0.02428904088955481 0.08037917340388064 89
5 0.26004228314149724 0.5105921427408854 0.1456765758181081 0.015022630899981723 1
4 0.3713592233009709 0.4832650273224044 0.04733009708737864 0.01092896174863388 90
5 0.5097178116585445 0.032104054435354766 0.08144643468764222 0.01572521136758106 2
4 0.9659857888823574 0.06351375058700479 0.021947552856889742 0.023946105456743083 3
4 0.9913067863982858 0.12159413197001473 0.015430861306421965 0.025356162441232816 4
4 0.9581204756949712 0.15729573776161737 0.02183400080041978 0.02186859370580788 1
4 0.902421155022186 0.17643237504802767 0.02168138744761643 0.026037046818133913 4
4 0.9842233009708737 0.18237704918032788 0.01699029126213592 0.023224043715846996 0
4 0.8931815138140928 0.38918942310771004 0.023109491588999925 0.028696651667193637 1
4 0.8695388349514563 0.7742486338797814 0.02183574843175203 0.0242680044122081 1
5 0.2458981634343712 0.8388791944159836 0.0667069074019645 0.015769665358496495 4
5 0.31856796116504854 0.8729508196721312 0.06349675169268858 0.01431950975636967 3
5 0.22872510002654733 0.8703152182323685 0.07042413081937623 0.015757582878154482 2
4 0.8641861850775562 0.8706444078455857 0.01922232549167374 0.028721032898282744 2
4 0.8337379381494615 0.9067622950819673 0.016959171850704453 0.02316084846121366 3
4 0.8658980582524272 0.9122267759562842 0.01820388349514563 0.025273224043715847 0
4 0.8913834951456311 0.9265709548700051 0.018243173951084175 0.0247417460373842 3
4 0.11235087126204112 0.6014826623468451 0.045311062081346234 0.010921993542238663 82
4 0.1426065130141175 0.5981997714016607 0.04127997796512344 0.0109443182502288 88
5 0.1346450361233313 0.6516412203429175 0.06684667161367472 0.012996105548462582 86
4 0.0770631067961165 0.6543715846994536 0.04430246353149414 0.010412315201889621 83
4 0.14026033531114893 0.6814091166511911 0.017139064455495297 0.02178095468406469 48
4 0.04733009708737864 0.23155735620384008 0.01576987979481521 0.023495142577124425 1
4 0.10861652337231682 0.17076502732240437 0.040197659464715756 0.01031116514258046 86
4 0.2178398058252427 0.006489070386834483 0.04347139654807674 0.008824347146873265 3
5 0.424150522472789 0.47882513661202186 0.061374219875891235 0.014383831962210233 1
4 0.6425972355222239 0.02083333984750216 0.04831495562803398 0.0134033453269083 11
5 0.3428398428611385 0.028005464480874317 0.07763971402807143 0.015757578969653185 2
5 0.2621359223300971 0.5413251783027023 0.026718959067631692 0.08047444182015508 89
5 0.6550291487314168 0.8743208588146772 0.15659573008713212 0.014340385061795594 1
5 0.2625182438822626 0.5587396256910647 0.02671564898444611 0.08129562315393667 89
5 0.25606796116504854 0.5932377466087133 0.14099115538365634 0.013660694080623773 0
5 0.25706691186404923 0.6082669034030268 0.027909318220268174 0.08880829941379569 89
5 0.2593345642089844 0.625668551752476 0.02433501169519517 0.0888398384135929 88
5 0.26045449266155946 0.6410357782749531 0.024347194190164213 0.0888634666067655 87
5 0.2690760047690382 0.6588079317019937 0.029146652777218125 0.08745570782103824 88
5 0.26171556491296266 0.6758839758367486 0.02187516156909535 0.0888634666067655 87
5 0.25849514563106796 0.692964480874317 0.024265180513696763 0.08777579844323664 88
5 0.25849514563106796 0.7086749467693392 0.02548232587795813 0.08766646463362897 89
5 0.26220501279367986 0.7257336892716871 0.02314612008992908 0.08821000688062991 87
5 0.2681590145074048 0.7424238861584272 0.024603086767844784 0.08815621548011655 86
5 0.2699657551293234 0.7585214917125598 0.024368168080894693 0.08756234215908364 86
5 0.2633495515990026 0.7967897008676998 0.027020049326628156 0.08780785857654008 85
5 0.2633495330810547 0.8128415300546448 0.02679917650315368 0.0866500562657424 86
5 0.3913790508381371 0.8645492303566854 0.026694619539871955 0.11272354334429965 1
5 0.6577669902912622 0.6403688107683358 0.025594111785147953 0.1140121918558423 85
5 0.6729355599116353 0.6171285910684554 0.02557204070600491 0.05744206579656549 87
5 0.6656553398058253 0.7288252199933829 0.024225304427656157 0.08912961991106877 86
5 0.6547418242519342 0.7469082191342213 0.023152846734500625 0.0793409034854076 87
5 0.6042553059105734 0.7968301408277835 0.02659405087961734 0.08824439126937116 86
5 0.6771844660194175 0.8131831434906506 0.024602063651223784 0.08792668743863132 85
5 0.6815172954670434 0.8316238486701674 0.02672605375641758 0.08749838865519872 87
5 0.6481067694506599 0.8519262094966701 0.02544619736162204 0.06778405924312404 86
5 0.30461165048543687 0.0939207650273224 0.11443566813052279 0.016069431773951797 79
