4 0.271132400731721 0.9820574892765027 0.022761159346244363 0.034675205723520675 41
4 0.9594072405801436 0.06762819883355684 0.028103093781539697 0.04879144732461592 37
7 0.6500640333744517 0.3086026205400531 0.13988079941063597 0.22084830252177406 39
7 0.7822967480624502 0.3935407063607394 0.14133256246028333 0.2178356955496318 40
7 0.23365233693586773 0.47368424703059586 0.1401142199453935 0.2215183568343021 40
7 0.36864886367530153 0.5594734301407371 0.13904818545498157 0.22008594713712992 39
7 0.5014187996847588 0.6447137714002691 0.1402964736476089 0.21823645778820275 40
4 0.12455786015998804 0.8325025932640551 0.0318365020995315 0.04242619144859496 40
4 0.15064846689811354 0.8509547767456639 0.025850950055525443 0.0435413241956793 37
4 0.17703351715915322 0.8660286351254112 0.025959991382069565 0.04350947421133233 41
4 0.23212375671289373 0.8971750359786185 0.030380169930830717 0.0474633805489426 42
4 0.28149920255183414 0.9342105263157895 0.024805596760775674 0.0418335627140611 43
4 0.3141945773524721 0.9515550239234449 0.026877867167836363 0.04445185501609693 41
4 0.2576551178805946 0.9181162272914175 0.024782678156948547 0.039829308906810704 42
4 0.20568046995707487 0.8828248384466582 0.027044664349472315 0.04327146174234637 42
4 0.1025848388671875 0.815009888279381 0.027160109135142545 0.04748335751620206 40
4 0.055023966033302806 0.8600477738813921 0.024767951721970164 0.04430416782506915 41
4 0.13567447206050015 0.9049787019428454 0.030371846954978444 0.04585169376939107 42
4 0.03269537480063796 0.77811004784689 0.029298383843575557 0.043203846689616666 42
4 0.20594084281860547 0.9591746353076406 0.02821073881937176 0.04314518431157016 43
4 0.2379007537209056 0.9733438446190938 0.027160109135142545 0.038281700827858665 40
4 0.33389537756522875 0.9693504223983254 0.026955131518593627 0.044261553641141316 39
4 0.08771932258180073 0.8708134701377467 0.02905293210651696 0.040531888532866704 37
4 0.05484986495363275 0.790038405422959 0.03165778931248131 0.0442325190493935 40
4 0.1864067576528546 0.9361813193873355 0.03491915165902705 0.0393606213291296 39
7 0.515257231546551 0.22228350479637035 0.1401052277244069 0.22069947457199462 40
