4 0.11139147608413309 0.36842207475142047 0.010464735079537794 0.02859939102755862 75
4 0.11039171557741116 0.3545130954586627 0.009343307030382495 0.028775138503163857 74
7 0.2738578680203046 0.37285902503293805 0.10364680411246828 0.06343913926437439 75
7 0.3353233995776491 0.35166354173099884 0.10404606543216609 0.06534884004253644 75
7 0.39706036717758564 0.33075025555958704 0.10404560844305204 0.06551945099560483 74
7 0.17687627337305678 0.6227800170737607 0.10430956225709867 0.06517731939222816 74
7 0.25406091370558376 0.5958498023715415 0.10413761042096288 0.06360726739735158 75
7 0.31563609166798856 0.5751329504925272 0.10329584421845257 0.06551777735372148 75
7 0.3769741000257773 0.552764892578125 0.10453622111209153 0.06424699564696301 74
7 0.4385787111853585 0.5326087358597867 0.10397321826915451 0.06378363809095541 74
10 0.6702155873255076 0.8418627350697876 0.10146995583161485 0.2123879896322258 16
10 0.5635862398873731 0.8006517010715168 0.09666018413408153 0.21174953294836957 17
1 0.784517766497462 0.34057971014492755 0.14540760020919258 0.17450307009248395 73
4 0.03680202658406369 0.12450591880185173 0.008611998582249366 0.02826668057045918 8
4 0.07360406091370558 0.1795125365728446 0.01017531574074992 0.02772425976980659 80
4 0.012839032671778335 0.22897853524631506 0.009461782426398418 0.02583487891396986 19
4 0.08756345952222795 0.22793148880105402 0.010464735079537794 0.027161433605651455 75
4 0.08756345177664974 0.2437417654808959 0.010810803640917473 0.027913348633938313 74
4 0.0987539843254283 0.2856676908349802 0.010114140195894968 0.026879643577203762 72
4 0.10449339581019987 0.31352830969769024 0.00935289315160761 0.02209553322773206 79
4 0.04949238578680203 0.4321475625823452 0.008865100841231757 0.023009550273025776 13
4 0.06269035532994924 0.4403821218940423 0.007880036600955247 0.021172964525788197 14
4 0.40177664974619287 0.03985508251567132 0.020260900894397405 0.011040394799354362 73
7 0.21243654822335026 0.3945981554677207 0.10367770896950348 0.0628036529179147 74
